This line is a comment block. Write whatever you want here.
This line is a comment block. Write whatever you want here.
This line is a comment block. Write whatever you want here.
This line is a comment block. Write whatever you want here.
This line is a comment block. Write whatever you want here.
This line is a comment block. Write whatever you want here.
This line is a comment block. Write whatever you want here.
a881caa194ee6b938366a1cea78150b22ebac935dbfbb3e2531a1e60d7c6b922 0 0 0 0
1ee5cb43a35fee291ad1b985e2de4a2081d07137c8af5668fe8284c854bbd58c 1 0 0 0
71628ab0a62741c9b0ac883740d5291c1f03da4bc0eb42e665e498690923ff51 134 0 0 0
0e90b25924e0482672b5f088cc418cff47323b45ab14467dc4487b8ff54acd21 0 0 0 0
f6ab5c3102b1d6e556ddeb16fedcceda46ac079a19464f90a38cbcb63b7fd27d 1869 0 0 0
b0d4802abdf851015064a5fa72af1b2a347a8ca1c1abaf10177f8e83515f8d47 4 0 0 0
1ca2befca6d25b16326aec92127f31b7c4d562f751f72eb3aca79decbd680cc1 703 0 0 0
8405050fd49d1c9d7c27f58e40dd3e38fdd7f37349f3ad5ecf16e3f1591ce729 3781 0 0 0
4fffcba213f56d876b2b4696153cdbfdcd0d90fce07898d0fb5fdec5592f867a 3 1 444 0
618ccc3187f685332120b0d32a485a694aafd0df5c8a8ae01617e79f4e790b19 3 0 0 0
a24d24e8c4c17c9065821458c09933f84568499bf21274bf11753391125e71e8 2 2 816 0
25341925efc1f645f5e80baf6d07ba2db51f5f0e088aac3a8892bbc0f0b5828f 19 0 0 0
6ab462cebdcfa313ae047f41c87e70e2eceadcfb66888ec5d88025c5edeaf931 234 1 62 87
f43e7e1a06a5df0057ee1afe780c4fa62e546923b01d57b95ea74a90a0dc5b88 1 0 0 0
957dfe84a622a657369319cb4bd89d58560f65f7853890190df61dfbfa88f6d7 4887 0 0 0
e3039fc5232b3d5cf402f9792536c85be059290fbe55cb662bc33348795ae5d9 51 0 0 0
600e0316ed83745e73d7405792b4e0fa2af283c64a4050e600871aae5cf1350e 2222 0 0 0
29fc6f2d31db68c3aba25819fd496e2f02e059fe5e93644a5e19831b0ef27763 1348 0 0 0
56ca51d785b7222b358928e26c2a3d8fcd97a5bd62d604a23cb00d43621940c1 1 1 54 0
64bcad726b33b6322d82a65a5d3edfa0670776334590010a44cacdaeebf6efc4 53 0 0 0
8e7bb5dda87269c8b11a53f6e8afd67752b7472398d1fb83f5841eb02268988d 290 0 0 0
795f61810af32b3493a5f017858d3a1af85434e813a4259b7c30c38ae20e020e 15 15 23011 2855
a115235d3e59ff5c6e1c4571ea995efb1c20e50bde27879ec35cde09163155af 4 4 9241 294
0afe099c20033cb49bdad590bcdb5f72a05ba12b8fef8b30ec3948e4b6475fff 6 0 0 0
bb6ef702d5da9c199379b9bbb6c34f049cff415ed2422ae997f62c000e10f4e3 42 0 0 0
1ca9f2329663906623a2af08433eedc5163d7e684b2b9c363b42bcf6399aeee4 0 0 0 0
3787cd60d3ad0da8a096d33bd43e41c6032339ca12ede2a7cfe68e15e1691ed8 7 1 0 0
83c6a0646891a781a260bd5498232f91d55c768ae812af472f066f567b69a859 6 2 6 2
f92140053cd345b0a82fcd0fdf33c212c99849512ca545706db32e2e6aab69b6 1 1 1 0
877ece4ef6c58caf093d27394e236dc61baac0545dd4f4e0935adf4d17eab25b 0 0 0 0
7c6fd8aed0f9056d6e1176fed6f5dff42c61a9b3dfc2a0844f558af795489678 4 1 0 0
34d3284a9886faa14e5876ebfa1cc3200f3c7c844ce557f5ba9b8916b130dc97 2 2 247 0
0f3e99f2d7000ceee5e9503f7ace7427430d098c86f84b637d2d932b56b10ac1 216 0 0 0
4a66120a170578379ba5521efaa509abc2a4022bcb8e84ae4228b64633ab3fcf 1 1 277 0
4eef7a90153a348d309fc8bde623ccb87f72d695ff7054005eef44deda20dcec 10 10 577 286
ada5611e4189c04adf46ddb3a8d5337bdb10150df0706ca638c7fedca2d97b51 13 8 26 12
15597ea7bf5f318a32308b679dd33d1080d248dccd330f2bbfcfdbd93a455f93 3 3 14114 1
f0deb54c2bc477f0bd3132e7c15a6c58e0904401cf6f6c46affa85c7a23b64cc 4 1 0 0
1506d66fbd0e9771ab973f67bccaf00df5d54fe706c8b53a2a170ae7d0fd2730 5 0 0 0
1ddac5753c62d86dd87ad811b91b073c1a6887546bd5019acfc4454123ef7568 34 3 235081 30796
f2aa1c7c6bbab09278ab88e4608eefe363970ddd2aecef1838d0d2c636c20361 2 2 107471 84
21044f98e05ad75320ea70236681304b5c244b6e8b5ac866fcb33696f07197a2 3 3 216513 7
d8b9f289fe7c8fac280d6f7ffc3e8287906500841bdefba56a90cff4855caa63 8 8 141 12
86120e0e8cd6c3c5be6ce08c094e3913add9f130d95056ce7a2319a9a9b1e98a 50 19 978 473
c417c0c140ad02f05ae9c6f8596bea9ea952d30a84092f497abbdd4a556ca3a5 87 47 32763 29927
7ed580fcdfab1593e20c4ae02627d1d9e751203b4e7c11ee1411e67a016f7c40 17 6 3377 426
5ef005bb99fee525d5a634675e12867335b99e35f9a0b4b7552a468dfd7eaf0c 27 4 3325 572
9b98713a1d1b12c4212e6076949260c0e41da4ef2d510cbab29364a76cc1a047 24 24 229289 5003
151604385804b21c6363f9da7dd9949fb46290199a682ad6aaae13d06d569222 146 31 62580 8706
6a91173c5081f88ba06666bd60a783562147acdafefd3dcd2fcffc82ca92e1ef 17 1 213441 11271
36a9b49a719a071c39e7b69df4dc72863142c6bc2dce8de092367d336750f4bf 5 0 0 0
97ce1651a388112fb8e84603299a3b0789097dbf5821733e1a27f2e4c71e6837 20 20 2049 434
cf7555c06d75e19ceb70da363c8a2fc4c06519dea6da0869201e7b148f790c78 1 1 2 0
d553e75140da4d74322b6b41a727eef4cadf41209c0f43108e91fdaa6da549d3 38 2 10638 778
cd4ee24644caa49d820231fae607ca38814d583ef9e1e1eb384daaf93fa4892a 1 1 2 0
0dd388783c9a95e4697cf8ac25cfde98932a2d2b547207f71dcb559113550c9f 48 29 31056 1092
df7428a192aa45f82d5c1695016dcfc0c6e1f564a5a7aec3769c28cffbfa3588 3 3 230289 4082
5e7689a8bacd00a4aa3b4e03baefe15021912d85e34e11152fe8c839bbbbcd25 0 0 0 0
4c93489437d73ca058ade53444817585b24531c68ca517272843daa07939a959 1 1 13075 0
51abf22d881292180d50a972de30b041fdef4ff4302f04b6fca77ca0d5db7ce6 8 8 14365 524
047f35ce49e72d241601183a8d423166810d7d60abec4060ee4b25d417626a61 163 0 0 0
44ba9b9570a56a489bfd02ebf6534ea19a39054771ad802d803a722601429a77 934 2 10494 1
4ad94b6b92722ae79d52da5029e10041ad1a8cc757b93957fc656e4b05a8ef4b 4 4 1783 2
7a8d8d15b8d1be2ca2a2de8b25c3aec988ab9a97f2160854ced4710bea0c3704 3785 0 0 0
3aa2fab15d7b5205a0a5c0a67d0777f7875eb38cb6b91fc88658a8c389f4c8a3 1204 0 0 0
d30ff3d00164ee08907def4446b450a24e88b697e93562f34631189e762ed866 937 0 0 0
47c5d21b6b561df722b092dfec8117fecb0d4ac1bd9324ce742b6ea9f6489895 6339 0 0 0
a79d03f2340bd44b618576998e5c6e0f8e7c14202bc1957f465506c2f74ad4d0 5127 0 0 0
33548dda08fb1c9234f654886a3ae7a251fc12c490e616f1b31c1c2e62700796 12 12 5987 229
c57cf4d97d3c4315beaf34ceafc2afa44201ce104ba95f474c305c7ce0b1f2c8 3 1 8359 0
ab7206e70e9947d0b680f616797f52304f67621ee10660115a52bde84308a721 34 4 1721 188
d12c5b04216c1be3342b4847cedb95c475898b6f722254e1a55b95db942af9f3 10 0 0 0
3b1544c6b277dd4ca02dbe2b7e879daeea200334b0ddc6832dd3de65a9770961 3 0 0 0
b6f446b9155c22588832ee31efe4cb67c094583e3a2f7816887375270ea533fd 1 1 7673 0
178708b8ff5338260a3329c53793f1d5a5cbe5c8e7854646a96c4a8b1c626a8f 199 21 90354 85366
2c55cdf5b0e3226925016d959ddcbfccaf4a3caf1d5a084b103950df90d03f03 356 3 6666 445
8a60b8763191d034ebfec1392310811a605f3a65eb8dcbcd1bfff825cb99440f 0 0 0 0
211bf791c6af97ed1562d63fdd9143cc364ed122eb65b95f9b4ec4394fa99544 16 16 1671 510
731902c1fe7bb39c802a44ff17eeaf408c3132dcbad9e46dcaaaedacad8842d3 0 0 0 0
3d55f402d5675a4a3d6d47b61b49c962d411c5586fa88982c245deefb2ce3674 1 1 1 0
f26f0f262c8f3dcc3522ee851fd419dcd63ce1e2341bbf338b66a5d15da2895b 15 0 0 0
b39a690cb0dd227dc8584fa7233f219b09a04eb008c81ff39358761871525d37 2 2 3018 0
ce3bdd5b562096a760bc2c19fcce037f58a9fa12990d644944c1b989e19dc1e5 4 4 825 295
cfef99e9fff37f945580d14f8e34f83ae5bb66a2a6db968e4fe8bb5c4eb6db3b 24 2 90 0
abe99364c253e0a0fb443b420b44aefae540631eed943581363e7ef6a6242ea4 89 0 0 0
2afa445bb6c407595ad2d6fce04a98d7de7b74316d40e344a378daf6f1f2f165 9 8 28776 1084
67bc1ec280a25396935b29715488292c322dad5684018dc2c96245ce6aafbf00 23 21 347410 29378
e279c7bbe8d0b05c5ad6cb54f7d31d1ebfac31be0495a96c8f1fe986380dc085 35 0 0 0
7b5f8f03bdca8930b6a566bbc961a795bad83c9d77ff0bdd1c2c6e23032c2c3a 26 1 1468 18
af81b6fc6b66ee75a8c01c3cdc2206aa3a7c035c5cca71dfa729658afdf75a2d 11 2 694 27
d19b31492a7cf29d253cf7cbf06eb115bebe6c97ba2e27c1dbee2bc536fc7357 5 2 24 16
7163a82c0706148e7e78c8278d031b7e7221b86f120a71cfcc1c54fc6e946c6f 44 44 88028 1522
deed68ffd2f90dc09540a46cca2a9db26d3a91cde13679cf170f8ad4a4e55505 1 1 2240 0
8bb5d0174844b03b8b35ff8896163c005b2d0f29fcdc93a4fe2f2eb3a001c535 6 6 525 29
209a1980b70662db75236a823f4645c26d94411f79046f448022f27822432984 1 1 7903 0
fd942009ef869d8a7a0ccaaad60a6d8e93fbaf3bd41bcc1cfa0be639a49b15b2 14 2 153 561
ee2f3d21c76a3dfcdb5a4252ecadb0668942bec54b830942b5ad34198c1e8d9a 8 5 656 899
b48d39614b04321a695deb49a0f68c115f8291219a7f3a6be7c609c1a3468264 15 15 30377 4592
c63065d945b894fc35aec44338938f190c25100f17a5f349994b908895aaefc0 5 5 25035 11
16ca532d2e87d56f3444fbb4d0ce1926ef5ad936f99c779a59068ebec0a4cb38 1 1 7501 0
2133e911a502c956d0d1638d0795ed437b93712109a177d2ec593d45f7df7365 0 0 0 0
ca696ecbaec2f3901046da66ebb8f0f766de34e597c8f42d8c4c058b51690b33 13 12 24050 12798
46267cae31b756dc534bac99806aa8de9e8518b7a96a080c4beb9931ad291fe3 13 12 24050 12798
d74c30c2f07e52ddcfab34453b8a9512e3847584146ba4ee8e7374ac9148fa27 6 6 17927 946
f9d0d9ef525282312d4127697b5720f4000b7f772ae923ce846d247397201b46 2 2 2912 4
612a77d45615fc3f78a8c2d90f06a649b2fa4fbd24909c77e66a4af45d8b4ee2 2 2 15986 0
b35a23ce578b83ae86cd90e4b867e0efcc73bc9b67eb8cf5b9c0243a48707c9c 927 0 0 0
056fd69a8619ce4eaa6d8a2753917c122ac7f4b2633e17980120f3842463cb04 1397 0 0 0
ef3630d6329450ff7592758ae9165f24c8467cc0206185a32bd1421b6b377648 5 1 4793 645
f38a982d29f16e3ac87a07faeabbc84fa0d05889c88b66a11a48c9febbdda8bf 12 12 23837 384
cc6a6b12ac8d3d25c36f6c9d9eaf98b6e8f6071742c45bb47d266f5a081678d2 34 34 273000 105981
c0b36faffda9e9f62d50c592baaa7d3fa4b78f925750e8d645748f9ee5263270 2 2 120 0
01d81b0080a1622eea18486b372fc195092f0a6f522eeb13f07c9099f5864b39 8 4 47 8
9e5ef62c1ec5b48bc46bf46a2967f773cd34cd4ac809b2168fea3a19f4cda96a 31 31 272972 105921
3cdd6ddcae9bee4a8dcc133a458c2971c786dc4f341cc3ae92ae25049437362b 649 12 7404 358
ebcb01d1fb2c51b9f31dbabc8949b79397d4fa71f6696763b7db7dfd4637d701 36 36 29962 1953
8421fb82fa657b10cf429834aeacb76b02928de78aead7b11d0c24600e04d1df 2 2 416127 0
f626146fb0bd43e94157f70d45e458ff976f4ce721a7890ef4f3b57ef20d9101 35 26 1677 677
